55
104.6 29.1
58.5 -19.6
158.2 -2.3
7.5 -34.9
156.2 -46.7
46.7 8.4
99 22.2
33.5 -38.5
71.5 -11.8
49 30.3
94.4 3.2
100.6 -37.8
113.9 48.8
110.1 -17.2
146.3 -31.3
60.6 3.6
110.8 26.3
91.8 8.1
-8.9 34.3
157.5 -23.5
97.3 -46
74.5 28.4
18.7 21.7
64.3 -33.9
63.7 13
13.5 -38.7
69.4 24.5
71.8 -23.4
66.5 14.8
42.9 -32
10.5 38.5
124.1 -41.4
72.7 7.4
7.5 -48.2
80.4 -37.9
84.9 -17.6
-3.3 -42.9
100.7 -23.7
49.5 11
28.3 49.2
73.3 45.5
26.7 -23.4
29 -2.9
34.8 47.7
91.3 -3.2
70.1 -35.7
58 6.5
146.4 -36.1
24.9 29.6
141.6 -14.3
-1.9 6.7
153.7 -22
67.7 -31.7
140 16.5
6.5 34.4
