86
126 -14.1
36.5 -12.9
115.1 -36.3
134 -14.3
51.4 2.8
52.9 14.7
37.6 16.9
93.1 -28.6
33.5 4.3
67.3 16.9
56.7 -4.6
55.5 -4.8
97.1 8.7
64.9 18.4
21.9 -19.7
129 -43.7
58.1 26.9
115.5 15.5
134.4 -35
16.4 -38.9
43.7 14.4
33.2 -12.7
104.2 41.5
8.5 -13.2
51.6 20.2
19.5 -40.8
47.5 23.9
54.5 24.1
44.6 -3.1
96.5 0.8
63.1 1.6
-7.4 24.9
67.8 29.4
136.2 21.9
12.1 42.1
24.8 43.4
81.7 -11.6
22.4 -33.5
85.7 2.2
0.4 -30.8
46.5 3.9
2.5 -47.2
12.1 -7
97 16.6
137.9 -17
120.7 30.1
100.1 -26.4
145.6 -11.5
158.6 -26.7
46.9 -15.5
16.6 -18.6
91.1 -48.7
14.3 25.8
13.6 -36.2
81.7 -38.8
74.3 13.5
56.9 -15.4
106.6 37.4
65.5 -7.4
91.4 32.7
12.1 33.3
112.2 -4.7
93 -38.2
45.1 12.7
158.8 18.9
145.3 -31.9
17 46.2
56 6.6
56.5 12.7
147.1 13.7
0.1 17.5
-5.9 39.9
71.1 43.5
89.4 41
52.2 -2.8
106.2 -32.4
109.8 23.3
32.5 -20.6
159.5 17.5
50.3 -34.6
4 -24.6
85.8 41
19.1 41.1
-4.6 -40.5
-2 13.9
107.4 -30.3
