56
109.2 10.5
148.9 -10.5
81.3 32.8
41.4 28.7
86.4 9.1
128.4 -20.7
47.6 39.9
127.9 -4.2
-7.6 14.6
136.4 34.9
97.6 15.4
1.8 48.8
48 45.7
97.9 -37.6
52.6 41.6
46.1 7.3
119.6 -4
109.6 11.9
65.5 43.4
-9.3 32.4
103.5 33.4
54.5 -29.3
140.7 -1.1
153.3 -30.5
42.6 -28.8
144 11.4
58.6 45.3
94.2 19
85.5 -8.6
69.2 43.7
132.5 -41.3
9.1 13.6
40.6 36.6
34.1 -10.2
40.3 -29
154 -34.2
27.9 -35.7
156.3 5
130.3 -19.7
34.7 -2.1
18.9 9.1
50.2 -17.2
120 -20.7
74.4 -2.6
-0.1 9.5
68 39
137.2 -49.1
145.6 -18.5
45.1 38
33.9 -19.2
30.9 -24.8
29.2 -10.3
-4.3 -16.1
146.1 30.2
-6.5 -16.7
18.3 -16.7
